1e-08
1163 413607 337 334893
0.7753333333333333
0.5525811623246493
0.22466666666666665
0.4474188376753507

3e-08
1113 378439 387 370061
0.742
0.5055965263861055
0.258
0.4944034736138945

5e-08
1081 361678 419 386822
0.7206666666666667
0.48320374081496326
0.2793333333333333
0.5167962591850367

7e-08
1066 350497 434 398003
0.7106666666666667
0.46826586506346024
0.28933333333333333
0.5317341349365398

9e-08
1053 342245 447 406255
0.702
0.45724114896459583
0.298
0.5427588510354041

1e-07
1045 338693 455 409807
0.6966666666666667
0.4524956579826319
0.30333333333333334
0.5475043420173681

3e-07
990 301759 510 446741
0.66
0.4031516366065464
0.34
0.5968483633934536

6e-07
936 278201 564 470299
0.624
0.3716780227120908
0.376
0.6283219772879092

7e-07
925 272996 575 475504
0.6166666666666667
0.36472411489645956
0.38333333333333336
0.6352758851035404

9e-07
909 264519 591 483981
0.606
0.3533987975951904
0.394
0.6466012024048097

1e-06
902 260935 598 487565
0.6013333333333334
0.3486105544422178
0.39866666666666667
0.6513894455577822

3e-06
803 224821 697 523679
0.5353333333333333
0.3003620574482298
0.4646666666666667
0.6996379425517703

5e-06
764 208208 736 540292
0.5093333333333333
0.27816700066800265
0.49066666666666664
0.7218329993319973

7e-06
733 197443 767 551057
0.4886666666666667
0.26378490313961256
0.5113333333333333
0.7362150968603874

9e-06
718 189560 782 558940
0.4786666666666667
0.25325317301269207
0.5213333333333333
0.746746826987308

1e-05
712 186319 788 562181
0.4746666666666667
0.24892317969271877
0.5253333333333333
0.7510768203072812

3e-05
624 153278 876 595222
0.416
0.2047802271209085
0.584
0.7952197728790915

5e-05
584 138617 916 609883
0.3893333333333333
0.1851930527722111
0.6106666666666667
0.8148069472277889

7e-05
558 129523 942 618977
0.372
0.17304342017368068
0.628
0.8269565798263193

9e-05
543 122758 957 625742
0.362
0.1640053440213761
0.638
0.8359946559786239